{
	"Main2AssistMat":{
		"type":"4x4",
		"comment":"主臂基座坐标系变换到从臂",
		"value":[[-0.9937042593955994, -0.01901586540043354, 0.002962120808660984, -0.7810907959938049],    [0.023061368614435196, -0.9922043681144714, -0.018831880763173103, -0.19260479509830475],[0.0035215390380471945, -0.0014566354220733047, 1.01397705078125, -0.004932926502078772],[0.0, 0.0, 0.0, 1.0]],
		"armId":0
	},
	"AssistMat2Main":{
		"type":"4x4",
		"comment":"从臂基座坐标系变换到主臂",
		"value":[[-1.0058766670412185,  0.01927305932955149,  0.003296402180946512,  -0.7819526619780552], [-0.02344481288959231,  -1.007380188758464,  -0.01864087280397875,  -0.2124307364592496], [0.0034597266307207627,  -0.001514093929511718,  0.9861773872149858,  0.007275479446001057], [0.0, 0.0, 0.0, 1.0]],
		"armId":0
	},
	"CameraInMainTcp":{
		"type":"4x4",
		"comment":"主臂末端相机",
		"value":[[-0.7006250023841858, -0.7134442925453186, -0.01094050519168377,0],[-0.7135290503501892, 0.7005200386047363, 0.0122664924710989,0],[0.001087442273274064, -0.016400575637817383, 0.9998649954795837,0],[0.0, 0.0, 0.0, 1.0]],
		"armId":1
	},
	"CameraInAssistTcp":{
		"type":"4x4",
		"comment":"从臂末端相机",
		"value":[[-0.6861606240272522, 0.7269082069396973, -0.028178958222270012,0],[0.7269274592399597, 0.6866168975830078, 0.01130879856646061,0],[-0.027568666264414787, 0.01272456906735897, 0.9995389580726624,0],[0.0, 0.0, 0.0, 1.0]],
		"armId":2	
	},
	"WyswygRange":{
		"type":"vector<double>",
		"comment":"随动运动控制末端运动边界",
		"value":[-0.3,0.3],
		"armId":0
	}
}